#include <bits/stdc++.h>
using namespace std;

map<int, string> cityNames;

void Prims(vector<vector<double>> &city)
{
    int n = city.size();


    vector<bool> visited(n, false);


    visited[0] = true;

    cout << "\n\n";

    cout << "Edge" << " \t:\t " << "Weight\n\n";

    int edges = n-1;

    while (edges--)
    {
        double min = INT_MAX;
        int x = 0;
        int y = 0;

        for (int i = 0; i < n; i++)
        {
            if (visited[i]==true)
            {
                for (int j = 0; j < n; j++)
                {
                    if (visited[j]==false && city[i][j]!=0)
                    {
                        if (min > city[i][j])
                        {
                            min = city[i][j];
                            x = i;
                            y = j;
                        }
                    }
                }
            }
        }

        cout << cityNames[x] << " - " << cityNames[y] << " :  " << city[x][y] << endl;
        visited[y] = true;
    }

    cout << "\n\n";
}

int main()
{

    cityNames.insert({0, "Nagpur"});
    cityNames.insert({1, "Mumbai"});
    cityNames.insert({2, "Pune"});
    cityNames.insert({3, "Nashik"});
    cityNames.insert({4, "Thane"});

    vector<vector<double>> city = {
        {0, 427.50202366902516, 385.2763086761522, 351.6311760175055, 419.1135964192494},
        {427.50202366902516, 0, 74.550293671268, 87.48224082988976, 9.979747789152853},
        {385.2763086761522, 74.550293671268, 0, 102.55989455322387, 74.1264796790887},
        {351.6311760175055, 87.48224082988976, 102.55989455322387, 0, 77.55690666294466},
        {419.1135964192494, 9.979747789152853, 74.1264796790887, 77.55690666294466, 0}};

    Prims(city);

    return 0;
}


/*
///////////////////////////////////////////////////////////////////////////////////

TEST CASE - 1

INPUT :

city = {
    {0, 427.50202366902516, 385.2763086761522, 351.6311760175055, 419.1135964192494},
    {427.50202366902516, 0, 74.550293671268, 87.48224082988976, 9.979747789152853},
    {385.2763086761522, 74.550293671268, 0, 102.55989455322387, 74.1264796790887},
    {351.6311760175055, 87.48224082988976, 102.55989455322387, 0, 77.55690666294466},
    {419.1135964192494, 9.979747789152853, 74.1264796790887, 77.55690666294466, 0}
}


OUTPUT :

Edge             :   Weight   

Nagpur - Nashik  :   351.631
Nashik - Thane   :   77.5569 
Thane - Mumbai   :   9.97975 
Thane - Pune     :   74.1265 

///////////////////////////////////////////////////////////////////////////////////
*/